proj:       99
zone:       0
north:      181600
south:      180400
east:       530000
west:       528800
cols:       480
rows:       480
e-w resol:  2.5
n-s resol:  2.5
top:        1
bottom:     0
cols3:      6305
rows3:      6305
depths:     1
e-w resol3: 0.19032514
n-s resol3: 0.19032514
t-b resol:  1
