proj:       99
zone:       0
north:      181457.38602455
south:      180546.45707255
east:       530114.81306634
west:       528873.84842634
cols:       6520
rows:       4786
e-w resol:  0.190332
n-s resol:  0.190332
format:     0
compressed: 1
