proj:       99
zone:       0
north:      181457.38602455
south:      180546.26674055
east:       530115.00339834
west:       528873.84842634
cols:       6521
rows:       4787
e-w resol:  0.190332
n-s resol:  0.190332
top:        1
bottom:     0
cols3:      6520
rows3:      4786
depths:     1
e-w resol3: 0.190332
n-s resol3: 0.190332
t-b resol:  1
