name: Transverse Mercator
proj: tmerc
datum: osgb36
towgs84: 446.448,-125.157,542.060,0.1502,0.2470,0.8421,-20.4894
a: 6377563.396
es: 0.006670539999985268
lat_0: 49.00000000000002
lon_0: -2
k: 0.999601
x_0: 400000
y_0: -100000
no_defs: defined
