proj:       99
zone:       0
north:      181380
south:      180595
east:       529770
west:       528915
cols:       342
rows:       314
e-w resol:  2.5
n-s resol:  2.5
top:        1
bottom:     0
cols3:      4492
rows3:      4124
depths:     1
e-w resol3: 0.19033838
n-s resol3: 0.19034918
t-b resol:  1
